ID	Bin 	Shoot	Treatment	Date	Count	Dead	GrowthWarm1	CountWarm1	DeadWarm1	Shoot	Side	Rhiz	Root	Above	Below	AB	Total	FixedGrowth	Starch_Per	Starch_mg_g
1	1	1	C	3/21/17	3	0	1.65	1	0	0.7009	0.3072	0.2316	0.3748	1.0081	0.6064	1.662434037	1.6145	1.65	5.074408733	50.74408733
2	1	2	C	3/21/17	7	0	3.90	2	0	0.6643	0.5782	0.7437	0.8603	1.2425	1.604	0.774625935	2.8465	3.90	5.898049189	58.98049189
3	1	3	C	3/21/17	7	0	2.25	2	0	0.9451	1.1907	0.7227	0.9234	2.1358	1.6461	1.297491039	3.7819	2.25	6.169897241	61.69897241
4	1	4	C	3/21/17	16	0	4.30	2	0	0.682	2.9907	1.4951	1.1124	3.6727	2.6075	1.408513902	6.2802	4.30	6.521637292	65.21637292
5	1	5	C	3/21/17	4	0	0.50	1	0	0.7051	0.4533	0.2047	0.3196	1.1584	0.5243	2.209422087	1.6827	0.50	4.794139023	47.94139023
7	2	2	H	3/21/17	4	0	4.25	1	0	0.5351	0.1508	0.2732	0.4168	0.6859	0.69	0.994057971	1.3759	4.25	4.629927114	46.29927114
9	2	4	H	3/21/17	6	0	3.50	2	0	NA	NA	NA	NA	NA	NA	NA	NA	3.50	5.533183499	55.33183499
10	2	5	H	3/21/17	10	0	6.30	1	0	1.0505	2.1709	0.4761	0.7585	3.2214	1.2346	2.609266159	4.456	6.30	NA	NA
11	3	1	C	3/21/17	3	0	1.43	1	0	0.8818	0.4418	0.3694	0.4714	1.3236	0.8408	1.574215033	2.1644	1.43	5.927694902	59.27694902
13	3	3	C	3/21/17	1	0	1.33	1	0	NA	NA	NA	NA	NA	NA	NA	NA	1.33	4.311240168	43.11240168
14	3	4	C	3/21/17	3	0	2.00	1	0	0.619	0.3514	0.2293	0.4182	0.9704	0.6475	1.498687259	1.6179	2.00	4.518415825	45.18415825
15	3	5	C	3/21/17	7	0	3.73	2	0	0.7524	0.4633	0.2699	0.4004	1.2157	0.6703	1.813665523	1.886	3.73	5.178346256	51.78346256
17	4	2	H	3/21/17	2	0	NA	2	0	0.4956	0.2006	0.184	0.2373	0.6962	0.4213	1.652504154	1.1175	NA	6.762079096	67.62079096
19	4	4	H	3/21/17	8	0	5.10	2	0	0.7047	0.5567	0.5243	0.6553	1.2614	1.1796	1.069345541	2.441	5.10	5.400494797	54.00494797
20	4	5	H	3/21/17	13	0	3.47	1	0	0.6942	1.5752	0.757	0.7572	2.2694	1.5142	1.498745212	3.7836	3.47	5.837169145	58.37169145
22	5	2	C	3/21/17	4	0	3.20	2	0	0.231	0.0919	0.2919	0.2211	0.3229	0.513	0.629434698	0.8359	3.20	5.046365071	50.46365071
24	5	4	C	3/21/17	5	0	2.13	2	0	0.4287	0.346	0.2092	0.4718	0.7747	0.681	1.137591777	1.4557	2.13	4.755992539	47.55992539
31	7	1	C	3/21/17	9	0	5.50	2	0	0.3575	1.0659	0.7446	0.6438	1.4234	1.3884	1.025208874	2.8118	5.50	5.434450832	54.34450832
32	7	2	C	3/21/17	8	0	NA	1	0	0.5222	0.8143	0.6787	0.8054	1.3365	1.4841	0.900545785	2.8206	NA	4.144064501	41.44064501
33	7	3	C	3/21/17	5	0	3.77	1	0	0.669	0.2671	0.3165	0.3662	0.9361	0.6827	1.371173283	1.6188	3.77	4.106081269	41.06081269
34	7	4	C	3/21/17	8	0	2.90	2	0	0.8088	1.2703	0.789	0.6078	2.0791	1.3968	1.488473654	3.4759	2.90	6.549273277	65.49273277
35	7	5	C	3/21/17	15	0	4.37	2	0	0.5164	1.4499	0.8927	1.1711	1.9663	2.0638	0.95275705	4.0301	4.37	4.749945087	47.49945087
36	8	1	H	3/21/17	7	0	6.27	2	0	0.7058	1.8104	1.0106	0.9273	2.5162	1.9379	1.298415811	4.4541	6.27	7.452587135	74.52587135
39	8	4	H	3/21/17	7	0	4.73	1	0	0.393	0.746	0.7121	0.6795	1.139	1.3916	0.818482323	2.5306	4.73	4.336771306	43.36771306
41	9	1	C	3/21/17	8	0	2.57	1	0	0.6888	0.9261	0.6135	0.6196	1.6149	1.2331	1.309626145	2.848	2.57	4.019438193	40.19438193
42	9	2	C	3/21/17	9	0	2.77	2	0	1.1131	1.164	0.5986	0.4706	2.2771	1.0692	2.129723158	3.3463	2.77	4.573993276	45.73993276
43	9	3	C	3/21/17	6	0	2.27	1	0	0.5988	0.4475	0.1895	0.3078	1.0463	0.4973	2.103961392	1.5436	2.27	4.97251107	49.7251107
44	9	4	C	3/21/17	7	0	1.87	1	0	0.5596	0.6667	0.425	0.5196	1.2263	0.9446	1.298221469	2.1709	1.87	5.278122931	52.78122931
46	10	1	H	4/7/17	3	0	10.67	1	0	0.1791	0.103	0.1466	0.2597	0.2821	0.4063	0.694314546	0.6884	5.333333333	4.097489414	40.97489414
47	10	2	H	4/7/17	5	0	6.53	3	0	0.4996	0.266	0.3135	0.5498	0.7656	0.8633	0.886829607	1.6289	3.266666667	3.951646652	39.51646652
48	10	3	H	4/7/17	8	0	11.17	3	0	0.4003	0.5286	0.2063	0.7118	0.9289	0.9181	1.011763424	1.847	5.583333333	5.893005127	58.93005127
49	10	4	H	4/7/17	5	0	7.33	1	0	0.4442	0.5567	0.5442	0.5865	1.0009	1.1307	0.885203856	2.1316	3.666666667	4.347066735	43.47066735
50	10	5	H	4/7/17	6	0	10.10	3	0	NA	0.4794	0.4417	0.4683	NA	0.91	NA	NA	5.05	5.428869683	54.28869683
51	11	1	C	4/7/17	3	0	9.07	1	0	1.0196	0.2657	0.3747	0.8511	1.2853	1.2258	1.048539729	2.5111	4.533333333	5.702456076	57.02456076
52	11	2	C	4/7/17	0	0	6.17	1	0	0.1619	0	0.1326	0.1813	0.1619	0.3139	0.515769353	0.4758	3.083333333	3.490823055	34.90823055
53	11	3	C	4/7/17	2	0	6.43	2	0	0.7727	0.2559	0.2202	1.022	1.0286	1.2422	0.828047013	2.2708	3.216666667	5.084821864	50.84821864
54	11	4	C	4/7/17	2	0	4.60	1	0	0.5891	0.1522	0.3107	0.3837	0.7413	0.6944	1.067540323	1.4357	2.3	NA	NA
55	11	5	C	4/7/17	5	0	7.73	1	0	0.9358	0.8275	0.466	0.4792	1.7633	0.9452	1.865531105	2.7085	3.866666667	5.683890249	56.83890249
56	12	1	H	4/10/17	4	0	12.30	2	0	0.7137	0.4383	0.5125	0.9314	1.152	1.4439	0.797839186	2.5959	6.15	6.003982654	60.03982654
57	12	2	H	4/10/17	5	0	7.00	2	0	0.3913	0.5742	0.3393	0.863	0.9655	1.2023	0.803044165	2.1678	3.5	5.218066343	52.18066343
58	12	3	H	4/10/17	5	0	9.23	2	0	0.4185	0.2138	0.2902	0.1711	0.6323	0.4613	1.370691524	1.0936	4.616666667	7.745699021	77.45699021
59	12	4	H	4/10/17	3	0	12.43	1	0	1.0083	0.6328	0.5422	1.5353	1.6411	2.0775	0.789939832	3.7186	6.216666667	5.821456503	58.21456503
61	13	1	C	4/10/17	4	0	NA	2	0	0.4045	0.65	0.5512	0.7468	1.0545	1.298	0.812403698	2.3525	#VALUE!	6.011288942	60.11288942
62	13	2	C	4/10/17	6	0	7.57	2	0	0.4732	1.1409	1.283	1.1122	1.6141	2.3952	0.673889446	4.0093	3.783333333	6.154928023	61.54928023
63	13	3	C	4/10/17	8	0	7.27	3	0	0.6314	2.0371	1.1096	0.9671	2.6685	2.0767	1.284971349	4.7452	3.633333333	7.393208668	73.93208668
64	13	4	C	4/10/17	8	0	4.33	1	0	1.0758	1.2443	0.8154	0.727	2.3201	1.5424	1.504214212	3.8625	2.166666667	7.079491509	70.79491509
66	14	1	H	4/10/17	10	0	11.07	1	0	0.6724	0.9366	0.7367	1.3368	1.609	2.0735	0.775982638	3.6825	5.533333333	5.975910427	59.75910427
67	14	2	H	4/10/17	7	0	10.03	1	0	1.0702	1.2662	0.9146	0.8797	2.3364	1.7943	1.302123391	4.1307	5.016666667	6.157417048	61.57417048
69	14	4	H	4/10/17	5	0	7.33	2	0	0.1301	0.5485	0.2835	0.5152	0.6786	0.7987	0.84963065	1.4773	3.666666667	4.136082882	41.36082882
70	14	5	H	4/10/17	14	0	10.60	3	0	NA	2.3585	1.1492	1.5975	NA	2.7467	NA	NA	5.3	5.967057198	59.67057198
77	16	2	H	4/17/17	17	0	8.53	3	0	0.161	1.8975	0.8125	1.149	2.0585	1.9615	1.04945195	4.02	4.266666667	6.513612028	65.13612028
78	16	3	H	4/17/17	3	0	7.17	2	0	0.1015	0.3173	0.3548	0.4246	0.4188	0.7794	0.537336413	1.1982	3.583333333	4.268100025	42.68100025
79	16	4	H	4/17/17	5	0	12.77	1	0	0.3213	1.5093	1.0028	0.5919	1.8306	1.5947	1.14792751	3.4253	6.383333333	6.144973266	61.44973266
80	16	5	H	4/17/17	8	0	8.07	1	0	0.2568	1.5071	0.691	1.1007	1.7639	1.7917	0.98448401	3.5556	4.033333333	5.571360103	55.71360103
81	17	1	C	4/17/17	10	0	5.24	2	0	0.4298	0.9178	0.7456	1.0405	1.3476	1.7861	0.75449303	3.1337	5.24	5.272593519	52.72593519
83	17	3	C	4/17/17	5	0	3.97	1	0	0.5699	0.1793	0.5723	0.4495	0.7492	1.0218	0.733215894	1.771	3.97	5.979850362	59.79850362
84	17	4	C	4/17/17	5	0	3.50	2	1	0.5519	0.5441	0.4953	0.5229	1.096	1.0182	1.07640935	2.1142	3.50	6.042582195	60.42582195
85	17	5	C	4/17/17	1	0	3.53	1	0	0.6482	0.0453	0.3082	0.6605	0.6935	0.9687	0.715907918	1.6622	3.53	3.828387433	38.28387433
86	18	1	H	4/17/17	18	0	7.11	2	0	0.3994	2.0232	1.6492	1.5759	2.4226	3.2251	0.751170506	5.6477	7.11	7.243201917	72.43201917
87	18	2	H	4/17/17	18	0	4.02	2	0	0.3526	1.5698	1.0848	1.2199	1.9224	2.3047	0.834121578	4.2271	4.02	NA	NA
88	18	3	H	4/17/17	8	0	5.06	2	0	0.5392	1.2037	0.848	0.9575	1.7429	1.8055	0.965328164	3.5484	5.06	8.811801778	88.11801778
89	18	4	H	4/17/17	24	0	5.58	3	0	0.299	2.2151	1.7098	1.1082	2.5141	2.818	0.892157559	5.3321	5.58	6.929878221	69.29878221
91	19	1	C	4/17/17	4	0	5.15	2	0	0.3565	0.2334	0.3963	0.4513	0.5899	0.8476	0.695965078	1.4375	5.15	4.207228147	42.07228147
93	19	3	C	4/17/17	13	0	3.15	2	0	0.6267	1.7968	1.188	0.819	2.4235	2.007	1.207523667	4.4305	3.15	7.792966138	77.92966138
94	19	4	C	4/17/17	8	0	2.95	2	0	0.5771	1.5802	0.8446	1.0109	2.1573	1.8555	1.162651576	4.0128	2.95	5.69073187	56.9073187
95	19	5	C	4/17/17	10	0	2.70	2	0	0.8301	2.2559	1.0886	1.3268	3.086	2.4154	1.277635174	5.5014	2.70	11.838681	118.38681
96	20	1	H	4/17/17	26	0	6.95	3	0	0.4703	2.4448	1.4997	1.4274	2.9151	2.9271	0.995900379	5.8422	6.95	3.232380669	32.32380669
97	20	2	H	4/17/17	23	0	6.20	4	0	0.5262	2.8265	1.3278	1.209	3.3527	2.5368	1.32162567	5.8895	6.20	7.992381263	79.92381263
100	20	5	H	4/17/17	7	0	6.13	2	0	0.5415	0.6724	1.7077	0.6437	1.2139	2.3514	0.516245641	3.5653	6.13	7.254122044	72.54122044
6	2	1	H	3/21/17	NA	1	5.10	1	0	NA	NA	NA	NA	NA	NA	NA	NA	5.10	NA	NA
8	2	3	H	3/21/17	NA	1	NA	NA	1	0.9936	1.0781	0.7153	0.755	2.0717	1.4703	1.40903217	3.542	NA	NA	NA
12	3	2	C	3/21/17	NA	1	NA	NA	1	0.15	0.0486	0.1523	0.1981	0.1986	0.3504	0.566780822	0.549	NA		
16	4	1	H	3/21/17	NA	1	NA	NA	1	NA	NA	NA	NA	NA	NA	NA	NA	NA		
18	4	3	H	3/21/17	NA	1	NA	NA	1	NA	NA	NA	NA	NA	NA	NA	NA	NA		
21	5	1	C	3/21/17	NA	1	1.67	2	0	NA	NA	NA	NA	NA	NA	NA	NA	1.67		
23	5	3	C	3/21/17	NA	1	0.67	1	0	NA	NA	NA	NA	NA	NA	NA	NA	0.67		
25	5	5	C	3/21/17	NA	1	NA	NA	1	NA	NA	NA	NA	NA	NA	NA	NA	NA		
26	6	1	H	3/21/17	NA	1	4.10	3	0	NA	NA	NA	NA	NA	NA	NA	NA	4.10		
27	6	2	H	3/21/17	NA	1	4.47	1	0	NA	NA	NA	NA	NA	NA	NA	NA	4.47		
28	6	3	H	3/21/17	NA	1	6.33	3	0	NA	NA	NA	NA	NA	NA	NA	NA	6.33		
29	6	4	H	3/21/17	NA	1	4.23	3	0	NA	NA	NA	NA	NA	NA	NA	NA	4.23		
30	6	5	H	3/21/17	NA	1	4.57	2	0	NA	NA	NA	NA	NA	NA	NA	NA	4.57		
37	8	2	H	3/21/17	NA	1	5.33	2	0	NA	NA	NA	NA	NA	NA	NA	NA	5.33		
38	8	3	H	3/21/17	NA	1	NA	NA	1	NA	NA	NA	NA	NA	NA	NA	NA	NA		
40	8	5	H	3/21/17	NA	1	NA	NA	1	NA	NA	NA	NA	NA	NA	NA	NA	NA		
45	9	5	C	3/21/17	NA	1	1.90	1	0	NA	NA	NA	NA	NA	NA	NA	NA	1.90		
60	12	5	H	4/10/17	NA	1	NA	NA	1	NA	NA	NA	NA	NA	NA	NA	NA	#VALUE!		
65	13	5	C	4/10/17	NA	1	NA	NA	1	NA	NA	NA	NA	NA	NA	NA	NA	#VALUE!		
68	14	3	H	4/10/17	NA	1	NA	NA	1	NA	NA	NA	NA	NA	NA	NA	NA	#VALUE!		
71	15	1	C	4/10/17	NA	1	NA	NA	1	NA	NA	NA	NA	NA	NA	NA	NA	#VALUE!		
72	15	2	C	4/10/17	NA	1	5.40	2	0	NA	NA	NA	NA	NA	NA	NA	NA	2.7		
73	15	3	C	4/10/17	NA	1	6.60	1	0	NA	NA	NA	NA	NA	NA	NA	NA	3.3		
74	15	4	C	4/10/17	NA	1	11.90	2	0	NA	NA	NA	NA	NA	NA	NA	NA	5.95		
75	15	5	C	4/10/17	NA	1	8.37	2	0	NA	NA	NA	NA	NA	NA	NA	NA	4.183333333		
76	16	1	H	4/17/17	NA	1	NA	NA	1	NA	NA	NA	NA	NA	NA	NA	NA	#VALUE!		
82	17	2	C	4/17/17	NA	1	NA	NA	0	NA	NA	NA	NA	NA	NA	NA	NA	NA		
90	18	5	H	4/17/17	NA	1	6.44	3	0	NA	NA	NA	NA	NA	NA	NA	NA	6.44		
92	19	2	C	4/17/17	NA	1	4.18	2	0	NA	NA	NA	NA	NA	NA	NA	NA	4.18		
98	20	3	H	4/17/17	NA	1	NA	#VALUE!	1	NA	NA	NA	NA	NA	NA	NA	NA	NA		
99	20	4	H	4/17/17	NA	1	4.20	1	0	NA	NA	NA	NA	NA	NA	NA	NA	4.20		